2012
2006
2007
2015
2002
2006
2003
2011
2006
2008
2013
2015
2011
1997
2004
2007
2018
2013
2001
1996
2009
2014
2012
2013
2011
2007
2010
2001
2012
2017
2016
1964
1981
1966
1999
2002
2008
2008
2012
2010
1992
2009
1881
1937
1920
1910
1962
2017
2009
2006
2015
2019
2000
2010
2017
2015
2013
2013
2013
2004
2001
2000
2002
2000
2006
1974
2006
1966
2008
1981
1993
1995
1994
2010
2001
1991
1995
2005
1971
2004
1973
2002
2002
1972
1983
1977
1969
1920
2015
2018
1995
1997
2017
2012
1996
2019
2012
2011
2008
2007
2007
2017
2016
2011
2000
2005
2018
1997
2010
2007
2011
2016
1998
2005
1996
1999
2017
2002
1997
1994
1991
1997
2004
2004
2009
2010
2008
2005
2014
1981
1977
1985
1987
2020
2003
1997
1995
2000
2014
1979
2022
2003
2014
2009
2004
2009
2001
2001
2014
2005
1859
1852
2018
1966
1984
2015
2016
2019
1934
1934
1920
1912
1903
1900
1902
1960
1907
1900
1940
1920
1933
1951
1926
1922
1928
1929
1923
1928
1900
1911
1885
1888
1884
1974
1919
1900
1925
1921
1886
1879
1891
1883
1989
1998
1993
1990
2014
1843
1985
1949
1933
1930
1958
1978
1911
1935
1953
1951
1968
1927
1985
1976
1966
1954
1954
1946
1964
1882
1783
1796
1788
1856
1930
1889
1678
1820
1990
1967
1992
2003
1998
1996
2000
2005
2018
1866
1867
1866
1891
1890
1977
1981
1981
1978
1977
1991
2016
1891
1989
1985
1999
1996
2019
1889
1890
1932
2003
2016
2003
2020
1993
1960
1987
1964
1955
1986
1984
1958
1982
1950
1944
1923
1922
1991
1977
1983
1974
1987
2018
1934
1911
1999
1957
1985
1885
1999
1991
1976
1979
1977
1898
1883
1900
1879
1892
1880
1886
1880
1877
1885
1876
1878
1878
1888
1885
1880
1890
1883
1877
1885
1880
1883
2019
1878
1878
1884
1891
1877
1877
2020
2020
2021
2019
1987
1999
1987
1987
1976
1998
1998
1993
1895
1995
1984
1945
1932
1708
1698
1995
1906
1979
1818
1889
1886
1969
1854
1889
1893
1920
1992
1993
1994
1929
1936
1953
1838
1971
1981
1982
1990
1979
1985
1993
1973
1994
1989
1994
1855
1860
1890
2022
1872
1922
1897
1879
1876
1855
1880
1879
1900
1870
1876
1878
1864
1877
1984
1959
1984
1954
1972
1965
1980
1956
1983
1969
1974
1991
1850
1868
1842
1873
1873
1880
1872
1848
1842
1832
1871
1859
1843
1843
1876
1838
1853
1851
1860
1844
1851
1852
1976
1834
1867
1979
1866
1838
1853
1837
1846
1858
1833
1857
1857
1889
1872
1841
1866
1857
1855
1842
1843
1980
1996
1976
1983
1968
1980
1959
1938
1972
1966
1965
2023
1976
1971
1988
1970
1959
1838
1838
1889
1994
1986
1992
1998
1971
1982
1959
1989
1968
1939
1921
1988
1974
1956
1980
1980
1951
1989
1962
1974
1982
1990
1857
1862
1862
1857
1847
1874
1863
1858
1871
1887
1893
1908
1859
1860
1869
1858
1882
1865
1858
1913
1898
1895
1890
1893
1899
1893
1899
1894
1892
1921
1891
1972
1955
1964
1972
1982
1983
1970
1953
1964
1973
1950
1910
1914
1944
1967
1942
1958
1940
1963
1924
1970
1926
1922
1936
1934
1960
1942
1954
1928
1909
1988
1988
1988
1990
1986
1978
1986
1986
1913
1894
1884
1915
1867
1892
1893
1866
1938
1937
1941
1933
1930
1929
1943
1946
1949
1936
1934
1943
1947
1941
1948
1923
1992
1882
1869
1860
1856
1856
1846
1835
1841
1852
1831
1874
1865
1882
1882
1932
1916
1937
1961
1962
1968
1948
1944
1943
1923
1908
1922
1854
1847
1869
1861
1926
1897
1912
1903
1905
1919
1899
1907
1901
1884
1895
1860
1874
1967
1947
1946
1928
1918
1924
1925
1923
1921
1907
1973
1975
1970
1971
1968
1967
1969
1937
1926
1963
1788
1927
1917
1930
1914
1978
1955
1959
1941
1946
1952
1975
1902
1894
1897
1833
1945
1963
1945
1935
1955
1947
1957
1948
1950
1945
1855
1975
1827
1963
1967
1952
1896
1887
1926
1905
1887
1933
1870
1935
1953
1917
1896
1942
1941
1895
2021
1956
1957
1954
1948
1951
1947
1952
1949
1944
1958
1951
1942
1956
1943
1941
1921
1935
1772
1937
1957
1952
1960
1932
1962
1958
1963
1965
1962
2022
1904
1863
1908
1862
1899
1903
2021
1929
1800
1928
1888
1894
1949
1637
1854
1636
1695
1776
1924
1927
1763
1895
1500
1874
1956
1961
1965
1872
1873
1887
1870
2022
1888
1870
1902
1843
1830
1842
1839
1824
1832
1833
1837
1837
1845
1836
1832
1846
1834
1833
1831
1832
1830
1837
1830
1834
1831
1835
1847
1839
1833
1835
1831
1829
1848
1839
1836
1836
1839
1836
1846
1846
1829
1840
1845
1840
1771
1910
1881
1844
1911
1869
1872
1800
1813
1688
1696
1753
1670
1705
1852
1823
1825
1794
1723
1883
1881
1887
1932
1939
1725
1836
1927
1852
1863
1919
1553
1943
1931
1783
1799
1769
1772
1818
1875
1875
1616
2020
1886
1896
1909
1975
1936
1946
1637
1649
1924
1930
1975
1797
1758
1862
1763
1812
1844
1547
1918
1859
1851
1851
1840
1841
1854
1829
1859
1862
1850
1848
1849
1870
1854
1850
1849
1847
1850
1848
1873
1849
1868
1868
1861
1856
1919
1908
1899
1904
1800
1800
1942
1918
1961
1939
1906
1874
1875
1825
1871
1910
1894
1913
1792
1904
1897
1909
1904
1844
1863
1896
1856
1868
1871
1864
1865
2021
1950
1906
1902
1919
1929
1918
1935
1876
1961
1855
2022
1875
1826
1823
1829
1820
1907
1879
1913
1925
1916
1924
1864
1853
1904
1853
1918
1850
1868
1871
1912
1869
1906
1909
1916
1931
1917
1916
1914
1909
1898
1905
1908
1916
1903
1914
1917
1888
1617
1892
1957
1898
1925
1886
1905
1898
1911
1796
1917
1867
1875
1533
1927
1845
1825
1659
1659
1884
1550
1753
1901
1851
1938
1853
1818
1842
1903
1901
1931
1867
1675
1881
1881
1734
1912
1950
1939
1533
1905
1965
1914
1901
1892
1931
1925
1913
1910
1897
1762
1763
1782
1782
1774
1762
1915
1793
1793
1782
1801
1795
1961
1933
1912
1896
1907
1940
1939
1906
1915
1827
1832
1931
1858
1864
1815
1938
1902
1865
1864
1901
1826
1759
1767
1731
1752
1749
1763
1734
1865
1812
1800
